           bedrooms     bathrooms   sqft_living      sqft_lot        floors    waterfront  ...      yr_built  yr_renovated           lat          long  sqft_living15     sqft_lot15
count  21613.000000  21613.000000  21613.000000  2.161300e+04  21613.000000  21613.000000  ...  21613.000000  21613.000000  21613.000000  21613.000000   21613.000000   21613.000000
mean       3.370842      2.114757   2079.899736  1.510697e+04      1.494309      0.007542  ...   1971.005136     84.402258     47.560053   -122.213896    1986.552492   12768.455652
std        0.930062      0.770163    918.440897  4.142051e+04      0.539989      0.086517  ...     29.373411    401.679240      0.138564      0.140828     685.391304   27304.179631
min        0.000000      0.000000    290.000000  5.200000e+02      1.000000      0.000000  ...   1900.000000      0.000000     47.155900   -122.519000     399.000000     651.000000
25%        3.000000      1.750000   1427.000000  5.040000e+03      1.000000      0.000000  ...   1951.000000      0.000000     47.471000   -122.328000    1490.000000    5100.000000
50%        3.000000      2.250000   1910.000000  7.618000e+03      1.500000      0.000000  ...   1975.000000      0.000000     47.571800   -122.230000    1840.000000    7620.000000
75%        4.000000      2.500000   2550.000000  1.068800e+04      2.000000      0.000000  ...   1997.000000      0.000000     47.678000   -122.125000    2360.000000   10083.000000
max       33.000000      8.000000  13540.000000  1.651359e+06      3.500000      1.000000  ...   2015.000000   2015.000000     47.777600   -121.315000    6210.000000  871200.000000

[8 rows x 17 columns]
